ops_triton not available No module named 'pycuda'
0
A:  [[ 2.  1. -2.]] [[1. 0. 0.]
 [0. 1. 0.]
 [0. 0. 1.]]
B:  [[ 2.  1. -2.]] [[1. 0. 0.]
 [0. 1. 0.]
 [0. 0. 1.]]
C:  [[ 2.  1. -2.]] [[1. 0. 0.]
 [0. 1. 0.]
 [0. 0. 1.]]
BEFORE optim |  True  | self.m[0].data [[0. 0. 0.]]
1 - t.grad:  [[1.334759   0.75527155 0.        ]]
1 - t:  [[ 2.  1. -2.]]
MID optim |  True  | self.m[0].data [[0.1334759  0.07552715 0.        ]]
2 - t.grad:  [[1.334759   0.75527155 0.        ]]
2 - t:  [[ 1.999  0.999 -2.   ]]
1 - t.grad:  [[ 2.668183   1.5097878  0.       ]
 [ 1.3334242  0.7545163  0.       ]
 [-2.669518  -1.5105431  0.       ]]
1 - t:  [[1. 0. 0.]
 [0. 1. 0.]
 [0. 0. 1.]]
2 - t.grad:  [[ 2.668183   1.5097878  0.       ]
 [ 1.3334242  0.7545163  0.       ]
 [-2.669518  -1.5105431  0.       ]]
2 - t:  [[ 9.990000e-01 -9.999933e-04  0.000000e+00]
 [-9.999932e-04  9.990000e-01  0.000000e+00]
 [ 9.999933e-04  9.999932e-04  1.000000e+00]]
AFTER optim |  True  | self.m[0].data [[0.1334759  0.07552715 0.        ]]
D:  [[ 1.999  0.999 -2.   ]] [[ 9.990000e-01 -9.999933e-04  0.000000e+00]
 [-9.999932e-04  9.990000e-01  0.000000e+00]
 [ 9.999933e-04  9.999932e-04  1.000000e+00]]
########################################
1
A:  [[ 1.999  0.999 -2.   ]] [[ 9.990000e-01 -9.999933e-04  0.000000e+00]
 [-9.999932e-04  9.990000e-01  0.000000e+00]
 [ 9.999933e-04  9.999932e-04  1.000000e+00]]
B:  [[ 1.999  0.999 -2.   ]] [[ 9.990000e-01 -9.999933e-04  0.000000e+00]
 [-9.999932e-04  9.990000e-01  0.000000e+00]
 [ 9.999933e-04  9.999932e-04  1.000000e+00]]
C:  [[ 1.999  0.999 -2.   ]] [[ 9.990000e-01 -9.999933e-04  0.000000e+00]
 [-9.999932e-04  9.990000e-01  0.000000e+00]
 [ 9.999933e-04  9.999932e-04  1.000000e+00]]
BEFORE optim |  True  | self.m[0].data [[0.1334759  0.07552715 0.        ]]
1 - t.grad:  [[2.6677876e+00 1.5085851e+00 2.0905090e-03]]
1 - t:  [[ 1.999  0.999 -2.   ]]
MID optim |  True  | self.m[0].data [[3.8690707e-01 2.1883294e-01 2.0905091e-04]]
2 - t.grad:  [[2.6677876e+00 1.5085851e+00 2.0905090e-03]]
2 - t:  [[ 1.9980347  0.9980347 -2.000744 ]]
1 - t.grad:  [[ 5.335798   3.0191112  0.       ]
 [ 2.6659195  1.5084357  0.       ]
 [-5.3407497 -3.021913   0.       ]]
1 - t:  [[ 9.990000e-01 -9.999933e-04  0.000000e+00]
 [-9.999932e-04  9.990000e-01  0.000000e+00]
 [ 9.999933e-04  9.999932e-04  1.000000e+00]]
2 - t.grad:  [[ 5.335798   3.0191112  0.       ]
 [ 2.6659195  1.5084357  0.       ]
 [-5.3407497 -3.021913   0.       ]]
2 - t:  [[ 0.99803483 -0.00196518  0.        ]
 [-0.0019652   0.9980348   0.        ]
 [ 0.00196513  0.00196514  1.        ]]
AFTER optim |  True  | self.m[0].data [[3.8690707e-01 2.1883294e-01 2.0905091e-04]]
D:  [[ 1.9980347  0.9980347 -2.000744 ]] [[ 0.99803483 -0.00196518  0.        ]
 [-0.0019652   0.9980348   0.        ]
 [ 0.00196513  0.00196514  1.        ]]
########################################
2
A:  [[ 1.9980347  0.9980347 -2.000744 ]] [[ 0.99803483 -0.00196518  0.        ]
 [-0.0019652   0.9980348   0.        ]
 [ 0.00196513  0.00196514  1.        ]]
B:  [[ 1.9980347  0.9980347 -2.000744 ]] [[ 0.99803483 -0.00196518  0.        ]
 [-0.0019652   0.9980348   0.        ]
 [ 0.00196513  0.00196514  1.        ]]
C:  [[ 1.9980347  0.9980347 -2.000744 ]] [[ 0.99803483 -0.00196518  0.        ]
 [-0.0019652   0.9980348   0.        ]
 [ 0.00196513  0.00196514  1.        ]]
BEFORE optim |  True  | self.m[0].data [[3.8690707e-01 2.1883294e-01 2.0905091e-04]]
1 - t.grad:  [[3.9991467 2.2600083 0.0061996]]
1 - t:  [[ 1.9980347  0.9980347 -2.000744 ]]
MID optim |  True  | self.m[0].data [[0.74813104 0.42295048 0.00080811]]
2 - t.grad:  [[3.9991467 2.2600083 0.0061996]]
2 - t:  [[ 1.9970766  0.9970765 -2.001533 ]]
1 - t.grad:  [[ 8.0028305  4.5279675  0.       ]
 [ 3.9974837  2.2617593  0.       ]
 [-8.013734  -4.5341363  0.       ]]
1 - t:  [[ 0.99803483 -0.00196518  0.        ]
 [-0.0019652   0.9980348   0.        ]
 [ 0.00196513  0.00196514  1.        ]]
2 - t.grad:  [[ 8.0028305  4.5279675  0.       ]
 [ 3.9974837  2.2617593  0.       ]
 [-8.013734  -4.5341363  0.       ]]
2 - t:  [[ 0.9970768  -0.00292321  0.        ]
 [-0.00292326  0.9970767   0.        ]
 [ 0.00292307  0.00292309  1.        ]]
AFTER optim |  True  | self.m[0].data [[0.74813104 0.42295048 0.00080811]]
D:  [[ 1.9970766  0.9970765 -2.001533 ]] [[ 0.9970768  -0.00292321  0.        ]
 [-0.00292326  0.9970767   0.        ]
 [ 0.00292307  0.00292309  1.        ]]
########################################
