ops_triton not available No module named 'pycuda'
0
A:  [[ 2.  1. -2.]] [[1. 0. 0.]
 [0. 1. 0.]
 [0. 0. 1.]]
B:  [[ 2.  1. -2.]] [[1. 0. 0.]
 [0. 1. 0.]
 [0. 0. 1.]]
C:  [[ 2.  1. -2.]] [[1. 0. 0.]
 [0. 1. 0.]
 [0. 0. 1.]]
C grads:  [[1.334759   0.75527155 0.        ]] [[ 2.669518    1.5105431   0.        ]
 [ 1.334759    0.75527155  0.        ]
 [-2.669518   -1.5105431   0.        ]]
BEFORE optim |  True  | self.m[0].data [[0. 0. 0.]] self.v[0].data [[0. 0. 0.]]
1 - t.grad:  [[1.334759   0.75527155 0.        ]]
2 - t.grad:  [[1.334759   0.75527155 0.        ]]
1 - t.grad:  [[ 2.669518    1.5105431   0.        ]
 [ 1.334759    0.75527155  0.        ]
 [-2.669518   -1.5105431   0.        ]]
2 - t.grad:  [[ 2.669518    1.5105431   0.        ]
 [ 1.334759    0.75527155  0.        ]
 [-2.669518   -1.5105431   0.        ]]
AFTER optim |  True  | self.m[0].data [[0.1334759  0.07552715 0.        ]] self.v[0].data [[0.00178158 0.00057044 0.        ]]
D:  [[ 1.9986562   0.99865615 -2.        ]] [[ 9.990000e-01 -9.999932e-04  0.000000e+00]
 [-9.999932e-04  9.990000e-01  0.000000e+00]
 [ 9.999933e-04  9.999932e-04  1.000000e+00]]
########################################
1
A:  [[ 1.9986562   0.99865615 -2.        ]] [[ 9.990000e-01 -9.999932e-04  0.000000e+00]
 [-9.999932e-04  9.990000e-01  0.000000e+00]
 [ 9.999933e-04  9.999932e-04  1.000000e+00]]
B:  [[ 1.9986562   0.99865615 -2.        ]] [[ 9.990000e-01 -9.999932e-04  0.000000e+00]
 [-9.999932e-04  9.990000e-01  0.000000e+00]
 [ 9.999933e-04  9.999932e-04  1.000000e+00]]
C:  [[ 1.9986562   0.99865615 -2.        ]] [[ 9.990000e-01 -9.999932e-04  0.000000e+00]
 [-9.999932e-04  9.990000e-01  0.000000e+00]
 [ 9.999933e-04  9.999932e-04  1.000000e+00]]
C grads:  [[2.6678081e+00 1.5085926e+00 2.0905372e-03]] [[ 5.338003   3.020351   0.       ]
 [ 2.6681046  1.5096679  0.       ]
 [-5.3397975 -3.0213661  0.       ]]
BEFORE optim |  True  | self.m[0].data [[0.1334759  0.07552715 0.        ]] self.v[0].data [[0.00178158 0.00057044 0.        ]]
1 - t.grad:  [[2.6678081e+00 1.5085926e+00 2.0905372e-03]]
2 - t.grad:  [[2.6678081e+00 1.5085926e+00 2.0905372e-03]]
1 - t.grad:  [[ 5.338003   3.020351   0.       ]
 [ 2.6681046  1.5096679  0.       ]
 [-5.3397975 -3.0213661  0.       ]]
2 - t.grad:  [[ 5.338003   3.020351   0.       ]
 [ 2.6681046  1.5096679  0.       ]
 [-5.3397975 -3.0213661  0.       ]]
AFTER optim |  True  | self.m[0].data [[3.8690913e-01 2.1883370e-01 2.0905373e-04]] self.v[0].data [[8.8970000e-03 2.8457164e-03 4.3703459e-09]]
D:  [[ 1.9975122  0.9975122 -2.001    ]] [[ 0.99785614 -0.00214387  0.        ]
 [-0.00214389  0.9978561   0.        ]
 [ 0.00214384  0.00214385  1.        ]]
########################################
2
A:  [[ 1.9975122  0.9975122 -2.001    ]] [[ 0.99785614 -0.00214387  0.        ]
 [-0.00214389  0.9978561   0.        ]
 [ 0.00214384  0.00214385  1.        ]]
B:  [[ 1.9975122  0.9975122 -2.001    ]] [[ 0.99785614 -0.00214387  0.        ]
 [-0.00214389  0.9978561   0.        ]
 [ 0.00214384  0.00214385  1.        ]]
C:  [[ 1.9975122  0.9975122 -2.001    ]] [[ 0.99785614 -0.00214387  0.        ]
 [-0.00214389  0.9978561   0.        ]
 [ 0.00214384  0.00214385  1.        ]]
C grads:  [[3.998879   2.2596734  0.00657357]] [[ 8.005789   4.529599   0.       ]
 [ 4.0003357  2.2633522  0.       ]
 [-8.01224   -4.5332494  0.       ]]
BEFORE optim |  True  | self.m[0].data [[3.8690913e-01 2.1883370e-01 2.0905373e-04]] self.v[0].data [[8.8970000e-03 2.8457164e-03 4.3703459e-09]]
1 - t.grad:  [[3.998879   2.2596734  0.00657357]]
2 - t.grad:  [[3.998879   2.2596734  0.00657357]]
1 - t.grad:  [[ 8.005789   4.529599   0.       ]
 [ 4.0003357  2.2633522  0.       ]
 [-8.01224   -4.5332494  0.       ]]
2 - t.grad:  [[ 8.005789   4.529599   0.       ]
 [ 4.0003357  2.2633522  0.       ]
 [-8.01224   -4.5332494  0.       ]]
AFTER optim |  True  | self.m[0].data [[0.7481061  0.42291766 0.00084551]] self.v[0].data [[2.4879137e-02 7.9489946e-03 4.7577775e-08]]
D:  [[ 1.9964396   0.99643946 -2.001951  ]] [[ 0.9967835  -0.0032165   0.        ]
 [-0.00321656  0.99678344  0.        ]
 [ 0.00321641  0.00321642  1.        ]]
########################################
3
A:  [[ 1.9964396   0.99643946 -2.001951  ]] [[ 0.9967835  -0.0032165   0.        ]
 [-0.00321656  0.99678344  0.        ]
 [ 0.00321641  0.00321642  1.        ]]
B:  [[ 1.9964396   0.99643946 -2.001951  ]] [[ 0.9967835  -0.0032165   0.        ]
 [-0.00321656  0.99678344  0.        ]
 [ 0.00321641  0.00321642  1.        ]]
C:  [[ 1.9964396   0.99643946 -2.001951  ]] [[ 0.9967835  -0.0032165   0.        ]
 [-0.00321656  0.99678344  0.        ]
 [ 0.00321641  0.00321642  1.        ]]
C grads:  [[5.3280954  3.008653   0.01330119]] [[ 10.67292     6.0383234   0.       ]
 [  5.331523    3.0163689   0.       ]
 [-10.686735   -6.046139    0.       ]]
BEFORE optim |  True  | self.m[0].data [[0.7481061  0.42291766 0.00084551]] self.v[0].data [[2.4879137e-02 7.9489946e-03 4.7577775e-08]]
1 - t.grad:  [[5.3280954  3.008653   0.01330119]]
2 - t.grad:  [[5.3280954  3.008653   0.01330119]]
1 - t.grad:  [[ 10.67292     6.0383234   0.       ]
 [  5.331523    3.0163689   0.       ]
 [-10.686735   -6.046139    0.       ]]
2 - t.grad:  [[ 10.67292     6.0383234   0.       ]
 [  5.331523    3.0163689   0.       ]
 [-10.686735   -6.046139    0.       ]]
AFTER optim |  True  | self.m[0].data [[1.206105   0.68149114 0.00209107]] self.v[0].data [[5.3242862e-02 1.6993038e-02 2.2445195e-07]]
D:  [[ 1.9953984  0.9953981 -2.002883 ]] [[ 0.9957424  -0.00425763  0.        ]
 [-0.00425773  0.99574226  0.        ]
 [ 0.00425746  0.00425748  1.        ]]
########################################
4
A:  [[ 1.9953984  0.9953981 -2.002883 ]] [[ 0.9957424  -0.00425763  0.        ]
 [-0.00425773  0.99574226  0.        ]
 [ 0.00425746  0.00425748  1.        ]]
B:  [[ 1.9953984  0.9953981 -2.002883 ]] [[ 0.9957424  -0.00425763  0.        ]
 [-0.00425773  0.99574226  0.        ]
 [ 0.00425746  0.00425748  1.        ]]
C:  [[ 1.9953984  0.9953981 -2.002883 ]] [[ 0.9957424  -0.00425763  0.        ]
 [-0.00425773  0.99574226  0.        ]
 [ 0.00425746  0.00425748  1.        ]]
C grads:  [[6.6555123  3.7555926  0.02220854]] [[ 13.33942     7.5465403   0.       ]
 [  6.661698    3.768738    0.       ]
 [-13.363236   -7.560013    0.       ]]
BEFORE optim |  True  | self.m[0].data [[1.206105   0.68149114 0.00209107]] self.v[0].data [[5.3242862e-02 1.6993038e-02 2.2445195e-07]]
1 - t.grad:  [[6.6555123  3.7555926  0.02220854]]
2 - t.grad:  [[6.6555123  3.7555926  0.02220854]]
1 - t.grad:  [[ 13.33942     7.5465403   0.       ]
 [  6.661698    3.768738    0.       ]
 [-13.363236   -7.560013    0.       ]]
2 - t.grad:  [[ 13.33942     7.5465403   0.       ]
 [  6.661698    3.768738    0.       ]
 [-13.363236   -7.560013    0.       ]]
AFTER optim |  True  | self.m[0].data [[1.7510457  0.98890126 0.00410282]] self.v[0].data [[9.7485468e-02 3.1080522e-02 7.1744682e-07]]
D:  [[ 1.9943712   0.99437076 -2.0038102 ]] [[ 0.9947153  -0.00528474  0.        ]
 [-0.00528489  0.9947151   0.        ]
 [ 0.00528446  0.00528449  1.        ]]
########################################
5
A:  [[ 1.9943712   0.99437076 -2.0038102 ]] [[ 0.9947153  -0.00528474  0.        ]
 [-0.00528489  0.9947151   0.        ]
 [ 0.00528446  0.00528449  1.        ]]
B:  [[ 1.9943712   0.99437076 -2.0038102 ]] [[ 0.9947153  -0.00528474  0.        ]
 [-0.00528489  0.9947151   0.        ]
 [ 0.00528446  0.00528449  1.        ]]
C:  [[ 1.9943712   0.99437076 -2.0038102 ]] [[ 0.9947153  -0.00528474  0.        ]
 [-0.00528489  0.9947151   0.        ]
 [ 0.00528446  0.00528449  1.        ]]
C grads:  [[7.9811544  4.5005193  0.03326728]] [[ 16.005299    9.054257    0.       ]
 [  7.990875    4.5204687   0.       ]
 [-16.041733   -9.074866    0.       ]]
BEFORE optim |  True  | self.m[0].data [[1.7510457  0.98890126 0.00410282]] self.v[0].data [[9.7485468e-02 3.1080522e-02 7.1744682e-07]]
1 - t.grad:  [[7.9811544  4.5005193  0.03326728]]
2 - t.grad:  [[7.9811544  4.5005193  0.03326728]]
1 - t.grad:  [[ 16.005299    9.054257    0.       ]
 [  7.990875    4.5204687   0.       ]
 [-16.041733   -9.074866    0.       ]]
2 - t.grad:  [[ 16.005299    9.054257    0.       ]
 [  7.990875    4.5204687   0.       ]
 [-16.041733   -9.074866    0.       ]]
AFTER optim |  True  | self.m[0].data [[2.3740566  1.3400631  0.00701927]] self.v[0].data [[1.6108681e-01 5.1304117e-02 1.8234414e-06]]
D:  [[ 1.9933488   0.99334824 -2.0047407 ]] [[ 0.993693   -0.006307    0.        ]
 [-0.00630721  0.99369276  0.        ]
 [ 0.0063066   0.00630664  1.        ]]
########################################
6
A:  [[ 1.9933488   0.99334824 -2.0047407 ]] [[ 0.993693   -0.006307    0.        ]
 [-0.00630721  0.99369276  0.        ]
 [ 0.0063066   0.00630664  1.        ]]
B:  [[ 1.9933488   0.99334824 -2.0047407 ]] [[ 0.993693   -0.006307    0.        ]
 [-0.00630721  0.99369276  0.        ]
 [ 0.0063066   0.00630664  1.        ]]
C:  [[ 1.9933488   0.99334824 -2.0047407 ]] [[ 0.993693   -0.006307    0.        ]
 [-0.00630721  0.99369276  0.        ]
 [ 0.0063066   0.00630664  1.        ]]
C grads:  [[9.305032   5.243442   0.04646831]] [[ 18.670563  10.561479   0.      ]
 [  9.319059   5.271564   0.      ]
 [-18.722229 -10.590701   0.      ]]
BEFORE optim |  True  | self.m[0].data [[2.3740566  1.3400631  0.00701927]] self.v[0].data [[1.6108681e-01 5.1304117e-02 1.8234414e-06]]
1 - t.grad:  [[9.305032   5.243442   0.04646831]]
2 - t.grad:  [[9.305032   5.243442   0.04646831]]
1 - t.grad:  [[ 18.670563  10.561479   0.      ]
 [  9.319059   5.271564   0.      ]
 [-18.722229 -10.590701   0.      ]]
2 - t.grad:  [[ 18.670563  10.561479   0.      ]
 [  9.319059   5.271564   0.      ]
 [-18.722229 -10.590701   0.      ]]
AFTER optim |  True  | self.m[0].data [[3.067154   1.7304009  0.01096417]] self.v[0].data [[2.4750936e-01 7.8746498e-02 3.9809215e-06]]
D:  [[ 1.9923259  0.9923252 -2.005679 ]] [[ 0.99267024 -0.00732979  0.        ]
 [-0.00733005  0.9926699   0.        ]
 [ 0.00732925  0.00732931  1.        ]]
########################################
7
A:  [[ 1.9923259  0.9923252 -2.005679 ]] [[ 0.99267024 -0.00732979  0.        ]
 [-0.00733005  0.9926699   0.        ]
 [ 0.00732925  0.00732931  1.        ]]
B:  [[ 1.9923259  0.9923252 -2.005679 ]] [[ 0.99267024 -0.00732979  0.        ]
 [-0.00733005  0.9926699   0.        ]
 [ 0.00732925  0.00732931  1.        ]]
C:  [[ 1.9923259  0.9923252 -2.005679 ]] [[ 0.99267024 -0.00732979  0.        ]
 [-0.00733005  0.9926699   0.        ]
 [ 0.00732925  0.00732931  1.        ]]
C grads:  [[10.627143    5.9843593   0.06181376]] [[ 21.335215  12.068204   0.      ]
 [ 10.646253   6.022024   0.      ]
 [-21.40474  -12.107525   0.      ]]
BEFORE optim |  True  | self.m[0].data [[3.067154   1.7304009  0.01096417]] self.v[0].data [[2.4750936e-01 7.8746498e-02 3.9809215e-06]]
1 - t.grad:  [[10.627143    5.9843593   0.06181376]]
2 - t.grad:  [[10.627143    5.9843593   0.06181376]]
1 - t.grad:  [[ 21.335215  12.068204   0.      ]
 [ 10.646253   6.022024   0.      ]
 [-21.40474  -12.107525   0.      ]]
2 - t.grad:  [[ 21.335215  12.068204   0.      ]
 [ 10.646253   6.022024   0.      ]
 [-21.40474  -12.107525   0.      ]]
AFTER optim |  True  | self.m[0].data [[3.8231528  2.1557968  0.01604913]] self.v[0].data [[3.6019802e-01 1.1448032e-01 7.7978821e-06]]
D:  [[ 1.991299   0.9912982 -2.0066278]] [[ 0.99164355 -0.00835648  0.        ]
 [-0.00835679  0.99164313  0.        ]
 [ 0.00835581  0.00835588  1.        ]]
########################################
8
A:  [[ 1.991299   0.9912982 -2.0066278]] [[ 0.99164355 -0.00835648  0.        ]
 [-0.00835679  0.99164313  0.        ]
 [ 0.00835581  0.00835588  1.        ]]
B:  [[ 1.991299   0.9912982 -2.0066278]] [[ 0.99164355 -0.00835648  0.        ]
 [-0.00835679  0.99164313  0.        ]
 [ 0.00835581  0.00835588  1.        ]]
C:  [[ 1.991299   0.9912982 -2.0066278]] [[ 0.99164355 -0.00835648  0.        ]
 [-0.00835679  0.99164313  0.        ]
 [ 0.00835581  0.00835588  1.        ]]
C grads:  [[11.947482    6.7232633   0.07931294]] [[ 23.999254   13.574433    0.       ]
 [ 11.972451    6.7718472   0.       ]
 [-24.089287  -13.625349    0.       ]]
BEFORE optim |  True  | self.m[0].data [[3.8231528  2.1557968  0.01604913]] self.v[0].data [[3.6019802e-01 1.1448032e-01 7.7978821e-06]]
1 - t.grad:  [[11.947482    6.7232633   0.07931294]]
2 - t.grad:  [[11.947482    6.7232633   0.07931294]]
1 - t.grad:  [[ 23.999254   13.574433    0.       ]
 [ 11.972451    6.7718472   0.       ]
 [-24.089287  -13.625349    0.       ]]
2 - t.grad:  [[ 23.999254   13.574433    0.       ]
 [ 11.972451    6.7718472   0.       ]
 [-24.089287  -13.625349    0.       ]]
AFTER optim |  True  | self.m[0].data [[4.635586   2.6125433  0.02237551]] self.v[0].data [[5.0258017e-01 1.5956812e-01 1.4080626e-05]]
D:  [[ 1.9902661  0.9902651 -2.0075893]] [[ 0.9906107  -0.00938931  0.        ]
 [-0.00938968  0.99061024  0.        ]
 [ 0.00938852  0.0093886   1.        ]]
########################################
9
A:  [[ 1.9902661  0.9902651 -2.0075893]] [[ 0.9906107  -0.00938931  0.        ]
 [-0.00938968  0.99061024  0.        ]
 [ 0.00938852  0.0093886   1.        ]]
B:  [[ 1.9902661  0.9902651 -2.0075893]] [[ 0.9906107  -0.00938931  0.        ]
 [-0.00938968  0.99061024  0.        ]
 [ 0.00938852  0.0093886   1.        ]]
C:  [[ 1.9902661  0.9902651 -2.0075893]] [[ 0.9906107  -0.00938931  0.        ]
 [-0.00938968  0.99061024  0.        ]
 [ 0.00938852  0.0093886   1.        ]]
C grads:  [[13.26604     7.460141    0.09897982]] [[ 26.662682   15.080164    0.       ]
 [ 13.29765     7.5210295   0.       ]
 [-26.775896  -15.144185    0.       ]]
BEFORE optim |  True  | self.m[0].data [[4.635586   2.6125433  0.02237551]] self.v[0].data [[5.0258017e-01 1.5956812e-01 1.4080626e-05]]
1 - t.grad:  [[13.26604     7.460141    0.09897982]]
2 - t.grad:  [[13.26604     7.460141    0.09897982]]
1 - t.grad:  [[ 26.662682   15.080164    0.       ]
 [ 13.29765     7.5210295   0.       ]
 [-26.775896  -15.144185    0.       ]]
2 - t.grad:  [[ 26.662682   15.080164    0.       ]
 [ 13.29765     7.5210295   0.       ]
 [-26.775896  -15.144185    0.       ]]
AFTER optim |  True  | self.m[0].data [[5.498631   3.0973032  0.03003594]] self.v[0].data [[6.7806542e-01 2.1506226e-01 2.3863551e-05]]
D:  [[ 1.9892255  0.9892243 -2.0085647]] [[ 0.9895702  -0.01042983  0.        ]
 [-0.01043025  0.98956966  0.        ]
 [ 0.01042892  0.01042901  1.        ]]
########################################
10
A:  [[ 1.9892255  0.9892243 -2.0085647]] [[ 0.9895702  -0.01042983  0.        ]
 [-0.01043025  0.98956966  0.        ]
 [ 0.01042892  0.01042901  1.        ]]
B:  [[ 1.9892255  0.9892243 -2.0085647]] [[ 0.9895702  -0.01042983  0.        ]
 [-0.01043025  0.98956966  0.        ]
 [ 0.01042892  0.01042901  1.        ]]
C:  [[ 1.9892255  0.9892243 -2.0085647]] [[ 0.9895702  -0.01042983  0.        ]
 [-0.01043025  0.98956966  0.        ]
 [ 0.01042892  0.01042901  1.        ]]
C grads:  [[14.582804   8.194978   0.1208317]] [[ 29.325493  16.585394   0.      ]
 [ 14.621843   8.269567   0.      ]
 [-29.464596 -16.66405    0.      ]]
BEFORE optim |  True  | self.m[0].data [[5.498631   3.0973032  0.03003594]] self.v[0].data [[6.7806542e-01 2.1506226e-01 2.3863551e-05]]
1 - t.grad:  [[14.582804   8.194978   0.1208317]]
2 - t.grad:  [[14.582804   8.194978   0.1208317]]
1 - t.grad:  [[ 29.325493  16.585394   0.      ]
 [ 14.621843   8.269567   0.      ]
 [-29.464596 -16.66405    0.      ]]
2 - t.grad:  [[ 29.325493  16.585394   0.      ]
 [ 14.621843   8.269567   0.      ]
 [-29.464596 -16.66405    0.      ]]
AFTER optim |  True  | self.m[0].data [[6.407048   3.6070707  0.03911551]] self.v[0].data [[8.9004552e-01 2.8200486e-01 3.8439990e-05]]
D:  [[ 1.9881761  0.9881748 -2.009555 ]] [[ 0.9885209  -0.0114791   0.        ]
 [-0.01147956  0.9885203   0.        ]
 [ 0.01147809  0.01147819  1.        ]]
########################################
11
A:  [[ 1.9881761  0.9881748 -2.009555 ]] [[ 0.9885209  -0.0114791   0.        ]
 [-0.01147956  0.9885203   0.        ]
 [ 0.01147809  0.01147819  1.        ]]
B:  [[ 1.9881761  0.9881748 -2.009555 ]] [[ 0.9885209  -0.0114791   0.        ]
 [-0.01147956  0.9885203   0.        ]
 [ 0.01147809  0.01147819  1.        ]]
C:  [[ 1.9881761  0.9881748 -2.009555 ]] [[ 0.9885209  -0.0114791   0.        ]
 [-0.01147956  0.9885203   0.        ]
 [ 0.01147809  0.01147819  1.        ]]
C grads:  [[15.8977585   8.927755    0.14488812]] [[ 31.987686  18.090118   0.      ]
 [ 15.945023   9.017454   0.      ]
 [-32.15542  -18.184956   0.      ]]
BEFORE optim |  True  | self.m[0].data [[6.407048   3.6070707  0.03911551]] self.v[0].data [[8.9004552e-01 2.8200486e-01 3.8439990e-05]]
1 - t.grad:  [[15.8977585   8.927755    0.14488812]]
2 - t.grad:  [[15.8977585   8.927755    0.14488812]]
1 - t.grad:  [[ 31.987686  18.090118   0.      ]
 [ 15.945023   9.017454   0.      ]
 [-32.15542  -18.184956   0.      ]]
2 - t.grad:  [[ 31.987686  18.090118   0.      ]
 [ 15.945023   9.017454   0.      ]
 [-32.15542  -18.184956   0.      ]]
AFTER optim |  True  | self.m[0].data [[7.356119   4.139139   0.04969278]] self.v[0].data [[1.1418942e+00 3.6142769e-01 5.9394119e-05]]
D:  [[ 1.9871173   0.98711586 -2.010561  ]] [[ 0.98746216 -0.01253787  0.        ]
 [-0.01253837  0.9874615   0.        ]
 [ 0.01253678  0.01253689  1.        ]]
########################################
12
A:  [[ 1.9871173   0.98711586 -2.010561  ]] [[ 0.98746216 -0.01253787  0.        ]
 [-0.01253837  0.9874615   0.        ]
 [ 0.01253678  0.01253689  1.        ]]
B:  [[ 1.9871173   0.98711586 -2.010561  ]] [[ 0.98746216 -0.01253787  0.        ]
 [-0.01253837  0.9874615   0.        ]
 [ 0.01253678  0.01253689  1.        ]]
C:  [[ 1.9871173   0.98711586 -2.010561  ]] [[ 0.98746216 -0.01253787  0.        ]
 [-0.01253837  0.9874615   0.        ]
 [ 0.01253678  0.01253689  1.        ]]
C grads:  [[17.21089     9.658455    0.17117031]] [[ 34.64926   19.594336   0.      ]
 [ 17.267181   9.764686   0.      ]
 [-34.848396 -19.70692    0.      ]]
BEFORE optim |  True  | self.m[0].data [[7.356119   4.139139   0.04969278]] self.v[0].data [[1.1418942e+00 3.6142769e-01 5.9394119e-05]]
1 - t.grad:  [[17.21089     9.658455    0.17117031]]
2 - t.grad:  [[17.21089     9.658455    0.17117031]]
1 - t.grad:  [[ 34.64926   19.594336   0.      ]
 [ 17.267181   9.764686   0.      ]
 [-34.848396 -19.70692    0.      ]]
2 - t.grad:  [[ 34.64926   19.594336   0.      ]
 [ 17.267181   9.764686   0.      ]
 [-34.848396 -19.70692    0.      ]]
AFTER optim |  True  | self.m[0].data [[8.341597   4.6910706  0.06184053]] self.v[0].data [[1.4369670e+00 4.5435202e-01 8.8633999e-05]]
D:  [[ 1.9860485  0.9860469 -2.0115829]] [[ 0.98639333 -0.0136067   0.        ]
 [-0.01360721  0.9863927   0.        ]
 [ 0.01360555  0.01360566  1.        ]]
########################################
13
A:  [[ 1.9860485  0.9860469 -2.0115829]] [[ 0.98639333 -0.0136067   0.        ]
 [-0.01360721  0.9863927   0.        ]
 [ 0.01360555  0.01360566  1.        ]]
B:  [[ 1.9860485  0.9860469 -2.0115829]] [[ 0.98639333 -0.0136067   0.        ]
 [-0.01360721  0.9863927   0.        ]
 [ 0.01360555  0.01360566  1.        ]]
C:  [[ 1.9860485  0.9860469 -2.0115829]] [[ 0.98639333 -0.0136067   0.        ]
 [-0.01360721  0.9863927   0.        ]
 [ 0.01360555  0.01360566  1.        ]]
C grads:  [[18.52218    10.387055    0.19970065]] [[ 37.310215  21.098042   0.      ]
 [ 18.58831   10.511256   0.      ]
 [-37.54356  -21.22996    0.      ]]
BEFORE optim |  True  | self.m[0].data [[8.341597   4.6910706  0.06184053]] self.v[0].data [[1.4369670e+00 4.5435202e-01 8.8633999e-05]]
1 - t.grad:  [[18.52218    10.387055    0.19970065]]
2 - t.grad:  [[18.52218    10.387055    0.19970065]]
1 - t.grad:  [[ 37.310215  21.098042   0.      ]
 [ 18.58831   10.511256   0.      ]
 [-37.54356  -21.22996    0.      ]]
2 - t.grad:  [[ 37.310215  21.098042   0.      ]
 [ 18.58831   10.511256   0.      ]
 [-37.54356  -21.22996    0.      ]]
AFTER optim |  True  | self.m[0].data [[9.359654   5.2606688  0.07562654]] self.v[0].data [[1.7786013e+00 5.6178862e-01 1.2842572e-04]]
D:  [[ 1.9849691  0.9849676 -2.012621 ]] [[ 0.9853141  -0.01468594  0.        ]
 [-0.01468647  0.9853134   0.        ]
 [ 0.01468477  0.01468489  1.        ]]
########################################
14
A:  [[ 1.9849691  0.9849676 -2.012621 ]] [[ 0.9853141  -0.01468594  0.        ]
 [-0.01468647  0.9853134   0.        ]
 [ 0.01468477  0.01468489  1.        ]]
B:  [[ 1.9849691  0.9849676 -2.012621 ]] [[ 0.9853141  -0.01468594  0.        ]
 [-0.01468647  0.9853134   0.        ]
 [ 0.01468477  0.01468489  1.        ]]
C:  [[ 1.9849691  0.9849676 -2.012621 ]] [[ 0.9853141  -0.01468594  0.        ]
 [-0.01468647  0.9853134   0.        ]
 [ 0.01468477  0.01468489  1.        ]]
C grads:  [[19.831612   11.113537    0.23050238]] [[ 39.970543  22.601233   0.      ]
 [ 19.9084    11.257159   0.      ]
 [-40.240948 -22.754091   0.      ]]
BEFORE optim |  True  | self.m[0].data [[9.359654   5.2606688  0.07562654]] self.v[0].data [[1.7786013e+00 5.6178862e-01 1.2842572e-04]]
1 - t.grad:  [[19.831612   11.113537    0.23050238]]
2 - t.grad:  [[19.831612   11.113537    0.23050238]]
1 - t.grad:  [[ 39.970543  22.601233   0.      ]
 [ 19.9084    11.257159   0.      ]
 [-40.240948 -22.754091   0.      ]]
2 - t.grad:  [[ 39.970543  22.601233   0.      ]
 [ 19.9084    11.257159   0.      ]
 [-40.240948 -22.754091   0.      ]]
AFTER optim |  True  | self.m[0].data [[10.40685     5.845956    0.09111413]] self.v[0].data [[2.1701155e+00 6.8473756e-01 1.8142865e-04]]
D:  [[ 1.9838792  0.9838777 -2.0136755]] [[ 0.98422414 -0.01577586  0.        ]
 [-0.01577638  0.9842235   0.        ]
 [ 0.01577471  0.01577482  1.        ]]
########################################
15
A:  [[ 1.9838792  0.9838777 -2.0136755]] [[ 0.98422414 -0.01577586  0.        ]
 [-0.01577638  0.9842235   0.        ]
 [ 0.01577471  0.01577482  1.        ]]
B:  [[ 1.9838792  0.9838777 -2.0136755]] [[ 0.98422414 -0.01577586  0.        ]
 [-0.01577638  0.9842235   0.        ]
 [ 0.01577471  0.01577482  1.        ]]
C:  [[ 1.9838792  0.9838777 -2.0136755]] [[ 0.98422414 -0.01577586  0.        ]
 [-0.01577638  0.9842235   0.        ]
 [ 0.01577471  0.01577482  1.        ]]
C grads:  [[21.139168   11.837877    0.26359934]] [[ 42.63024   24.103905   0.      ]
 [ 21.22744   12.002389   0.      ]
 [-42.940594 -24.279331   0.      ]]
BEFORE optim |  True  | self.m[0].data [[10.40685     5.845956    0.09111413]] self.v[0].data [[2.1701155e+00 6.8473756e-01 1.8142865e-04]]
1 - t.grad:  [[21.139168   11.837877    0.26359934]]
2 - t.grad:  [[21.139168   11.837877    0.26359934]]
1 - t.grad:  [[ 42.63024   24.103905   0.      ]
 [ 21.22744   12.002389   0.      ]
 [-42.940594 -24.279331   0.      ]]
2 - t.grad:  [[ 42.63024   24.103905   0.      ]
 [ 21.22744   12.002389   0.      ]
 [-42.940594 -24.279331   0.      ]]
AFTER optim |  True  | self.m[0].data [[11.480082    6.445148    0.10836264]] self.v[0].data [[2.6148098e+00 8.2418817e-01 2.5073183e-04]]
D:  [[ 1.9827785  0.9827771 -2.0147467]] [[ 0.98312336 -0.01687662  0.        ]
 [-0.01687711  0.98312277  0.        ]
 [ 0.01687552  0.01687562  1.        ]]
########################################
16
A:  [[ 1.9827785  0.9827771 -2.0147467]] [[ 0.98312336 -0.01687662  0.        ]
 [-0.01687711  0.98312277  0.        ]
 [ 0.01687552  0.01687562  1.        ]]
B:  [[ 1.9827785  0.9827771 -2.0147467]] [[ 0.98312336 -0.01687662  0.        ]
 [-0.01687711  0.98312277  0.        ]
 [ 0.01687552  0.01687562  1.        ]]
C:  [[ 1.9827785  0.9827771 -2.0147467]] [[ 0.98312336 -0.01687662  0.        ]
 [-0.01687711  0.98312277  0.        ]
 [ 0.01687552  0.01687562  1.        ]]
C grads:  [[22.44483   12.560055   0.2990157]] [[ 45.289307  25.606052   0.      ]
 [ 22.545424  12.746939   0.      ]
 [-45.642532 -25.805698   0.      ]]
BEFORE optim |  True  | self.m[0].data [[11.480082    6.445148    0.10836264]] self.v[0].data [[2.6148098e+00 8.2418817e-01 2.5073183e-04]]
1 - t.grad:  [[22.44483   12.560055   0.2990157]]
2 - t.grad:  [[22.44483   12.560055   0.2990157]]
1 - t.grad:  [[ 45.289307  25.606052   0.      ]
 [ 22.545424  12.746939   0.      ]
 [-45.642532 -25.805698   0.      ]]
2 - t.grad:  [[ 45.289307  25.606052   0.      ]
 [ 22.545424  12.746939   0.      ]
 [-45.642532 -25.805698   0.      ]]
AFTER optim |  True  | self.m[0].data [[12.576556    7.0566387   0.12742795]] self.v[0].data [[3.1159654e+00 9.8111904e-01 3.3989150e-04]]
D:  [[ 1.9816669  0.9816657 -2.0158348]] [[ 0.9820117  -0.01798829  0.        ]
 [-0.01798875  0.98201114  0.        ]
 [ 0.0179873   0.01798739  1.        ]]
########################################
17
A:  [[ 1.9816669  0.9816657 -2.0158348]] [[ 0.9820117  -0.01798829  0.        ]
 [-0.01798875  0.98201114  0.        ]
 [ 0.0179873   0.01798739  1.        ]]
B:  [[ 1.9816669  0.9816657 -2.0158348]] [[ 0.9820117  -0.01798829  0.        ]
 [-0.01798875  0.98201114  0.        ]
 [ 0.0179873   0.01798739  1.        ]]
C:  [[ 1.9816669  0.9816657 -2.0158348]] [[ 0.9820117  -0.01798829  0.        ]
 [-0.01798875  0.98201114  0.        ]
 [ 0.0179873   0.01798739  1.        ]]
C grads:  [[23.74858    13.280048    0.33677596]] [[ 47.94774   27.107674   0.      ]
 [ 23.86234   13.490803   0.      ]
 [-48.3468   -27.33321    0.      ]]
BEFORE optim |  True  | self.m[0].data [[12.576556    7.0566387   0.12742795]] self.v[0].data [[3.1159654e+00 9.8111904e-01 3.3989150e-04]]
1 - t.grad:  [[23.74858    13.280048    0.33677596]]
2 - t.grad:  [[23.74858    13.280048    0.33677596]]
1 - t.grad:  [[ 47.94774   27.107674   0.      ]
 [ 23.86234   13.490803   0.      ]
 [-48.3468   -27.33321    0.      ]]
2 - t.grad:  [[ 47.94774   27.107674   0.      ]
 [ 23.86234   13.490803   0.      ]
 [-48.3468   -27.33321    0.      ]]
AFTER optim |  True  | self.m[0].data [[13.693758    7.6789794   0.14836276]] self.v[0].data [[3.6768446e+00 1.1564976e+00 4.5296969e-04]]
D:  [[ 1.9805444   0.98054343 -2.0169396 ]] [[ 0.980889   -0.01911092  0.        ]
 [-0.01911131  0.9808886   0.        ]
 [ 0.01911008  0.01911016  1.        ]]
########################################
18
A:  [[ 1.9805444   0.98054343 -2.0169396 ]] [[ 0.980889   -0.01911092  0.        ]
 [-0.01911131  0.9808886   0.        ]
 [ 0.01911008  0.01911016  1.        ]]
B:  [[ 1.9805444   0.98054343 -2.0169396 ]] [[ 0.980889   -0.01911092  0.        ]
 [-0.01911131  0.9808886   0.        ]
 [ 0.01911008  0.01911016  1.        ]]
C:  [[ 1.9805444   0.98054343 -2.0169396 ]] [[ 0.980889   -0.01911092  0.        ]
 [-0.01911131  0.9808886   0.        ]
 [ 0.01911008  0.01911016  1.        ]]
C grads:  [[25.050402  13.997835   0.3769047]] [[ 50.605534  28.608765   0.      ]
 [ 25.178183  14.233974   0.      ]
 [-51.053436 -28.861885   0.      ]]
BEFORE optim |  True  | self.m[0].data [[13.693758    7.6789794   0.14836276]] self.v[0].data [[3.6768446e+00 1.1564976e+00 4.5296969e-04]]
1 - t.grad:  [[25.050402  13.997835   0.3769047]]
2 - t.grad:  [[25.050402  13.997835   0.3769047]]
1 - t.grad:  [[ 50.605534  28.608765   0.      ]
 [ 25.178183  14.233974   0.      ]
 [-51.053436 -28.861885   0.      ]]
2 - t.grad:  [[ 50.605534  28.608765   0.      ]
 [ 25.178183  14.233974   0.      ]
 [-51.053436 -28.861885   0.      ]]
AFTER optim |  True  | self.m[0].data [[14.829422    8.310864    0.17121695]] self.v[0].data [[4.3006902e+00 1.3512806e+00 5.9457391e-04]]
D:  [[ 1.9794111   0.97941035 -2.0180612 ]] [[ 0.97975546 -0.02024447  0.        ]
 [-0.02024478  0.97975516  0.        ]
 [ 0.02024386  0.02024392  1.        ]]
########################################
19
A:  [[ 1.9794111   0.97941035 -2.0180612 ]] [[ 0.97975546 -0.02024447  0.        ]
 [-0.02024478  0.97975516  0.        ]
 [ 0.02024386  0.02024392  1.        ]]
B:  [[ 1.9794111   0.97941035 -2.0180612 ]] [[ 0.97975546 -0.02024447  0.        ]
 [-0.02024478  0.97975516  0.        ]
 [ 0.02024386  0.02024392  1.        ]]
C:  [[ 1.9794111   0.97941035 -2.0180612 ]] [[ 0.97975546 -0.02024447  0.        ]
 [-0.02024478  0.97975516  0.        ]
 [ 0.02024386  0.02024392  1.        ]]
C grads:  [[26.350275   14.713393    0.41942653]] [[ 53.262688  30.10932    0.      ]
 [ 26.492939  14.976447   0.      ]
 [-53.762474 -30.39174    0.      ]]
BEFORE optim |  True  | self.m[0].data [[14.829422    8.310864    0.17121695]] self.v[0].data [[4.3006902e+00 1.3512806e+00 5.9457391e-04]]
1 - t.grad:  [[26.350275   14.713393    0.41942653]]
2 - t.grad:  [[26.350275   14.713393    0.41942653]]
1 - t.grad:  [[ 53.262688  30.10932    0.      ]
 [ 26.492939  14.976447   0.      ]
 [-53.762474 -30.39174    0.      ]]
2 - t.grad:  [[ 53.262688  30.10932    0.      ]
 [ 26.492939  14.976447   0.      ]
 [-53.762474 -30.39174    0.      ]]
AFTER optim |  True  | self.m[0].data [[15.981507   8.9511175  0.1960379]] self.v[0].data [[4.9907265e+00 1.5664133e+00 7.6989795e-04]]
D:  [[ 1.978267    0.97826654 -2.0191994 ]] [[ 0.978611   -0.02138891  0.        ]
 [-0.02138911  0.9786109   0.        ]
 [ 0.02138857  0.02138861  1.        ]]
########################################
